3530627570183663 
3530687870878869 
3530693214729715 
3530689410690881 
3530796486469750 
3531026749872199 
3531041677553485 
3531044576092553 
3531090948178245 
3531142810289926 
3531157666607972 
3531207922561195 
3631924658058708 
3683438630365319 
3686655858542013 
3661530547390571 
3661713628506158  
3661462922404262  
3661708209874600 
3661333562129281  
3661711733055213
3661304684296110
3661709782548343 
3661506044462488 
3659282010176878
3658108339061916
3658726046952718
3658719793969961
3658723240728272
3658992414688309
3658567229833382
3658971842141579
3659354093614983
3659366722843565
3659169099914063
3659533857365164
3658812072319631
3659651528769897
3659079131812683
3659721283840773
3658748461353409
3659048962384443
3658260798068955
3659865702218755
3659870693588598
3659146144065862
3659321042777015
3658414921789573 
3658299553349610
3659433966463841
3658692036094522
3659374235373396
3658448103011148
3659104524949575
3658704764953213
3659809197041670
3657347845058885
3657235793879292
3657140088405061
3657217268007400
3657350440977951
3657207181125691
3657258422155553
3657302948841350
3657241720563123
3657722249281719
3656631914681267
3656513626979057
3656605591655781
3656626411734505
3656622209492904
3656513656343947
3656511362265690
3656134600350007
3656266918412516
3656261746779783
3656261012699599
3656151906333132
3656211297704821
3656100399880484
3656239160072971
3656176778138661 
3659146144065862 
3658044967732612 
3658063054334160 
3657949450430283 
3657538970637170 
3657560630002507 
3657698203209471 
3657723943955676 
3657595845885993 
3657730794249181 
3657691630849466 
3657625915242812 
3657664648963098 
3655503818893061 
3655517941304761
3655517886575231 
3654980244116041 
3655051182372548 
3655132556173475 
3655112439948271 
3654992386607582
3655143758890251
3653709659218846 
3653678910788050 
3653574322151741 
3653704370579160 
3653026906142214 
3653372936584291 
3653280158628312 
3653270310976481 
3653369266960354 
3653346503724072 
3653179759590152 
3653001841606967 
3653014483373575 
3652995742751917 
3652995868382495 
3652089286471710 
3652276168123704 
3652198288581183 
3652540895402864 
3652052200621780 
3652246623108414 
3652280890860610 
3652252885229145 
3651851910053371 
3651824080793165 
3651905999687813 
3651863683308691 
3651731315054736 
3651076039283157 
3651007902524390 
3650995856529461 
3651067910432198 
3651041058439395 
3651016899411343 
3650670097770102 
3650701311780308 
3650353939376621 
3650329121417788 
3650309945078181 
3650355109377659 
3650335639656429 
3650345437680781 
3650391457548963
3650337606838936 
3650333869684315 
3650367700789389 
3649974900294269 
3649974229084269 
3649997381813730 
3649916943050671 
3649918436281597 
3650006537955147 
3655014272543924 
3653702512531779 
3653679288306185 
3652052200621780 
3652091911891238 
3652217611295883 
3651745034606383 
3651921686452553 
3651138903142525 
3648907575340685 
3648882807975971 
3648991033780572 
3648936596436304 
3648497527777876 
3648629426650979 
3648155960325438 
3648200126678961 
3648117645559223 
3648258138111753 
3647753886649177 
3647945699757644 
3647892142874062 
3647392081713814 
3647520888456647 
3647012639448962 
3647198380268820 
3647196593324152 
3647157921715180 
3647091118967755 
3646558404999662 
3646761874620857 
3646804417449060 
3646785291306654 
3646807177338285 
3646382784887120 
3646360563271024 
3646275775844381 
3646421204816460 
3646063380416097 
3646069231562376 
3645906802751779 
3645957121543202 
3644728681575773 
3644341971506509 
3644490772102170 
3644467582403109 
3644553183276699 
3644918649597834 
3644122814379374 
3646716169245428 